635.1458
770.7168
37.7053
449.5947
176.9408
97.7284
145.5780
554.7694
115.9894
883.2714
457.1252
197.2266
591.2860
756.7993
836.6434
138.1541
51.3293
469.0852
109.6102
515.5600
510.7440
434.7666
893.4982
516.2160
638.8333
102.4186
527.2448
759.2738
251.7833
212.2041
304.5886
787.7471
858.0104
64.4172
982.0245
38.8825
318.2991
15.4481
596.4787
684.6347
260.5123
672.1311
280.1927
621.4906
163.4381
5.5669
511.7026
856.5152
718.4945
423.7837
132.0709
119.7865
104.2515
75.0736
692.1741
351.9449
157.1290
229.1172
925.8786
2.1430
94.2311
628.5645
189.8830
262.5981
161.9983
424.0205
526.9655
343.6038
282.7931
635.3107
361.2151
387.4378
839.3039
173.1864
892.8331
873.9623
999.7493
786.7543
642.8013
681.5112
858.3902
794.6769
930.4050
696.4888
949.9159
107.1087
509.8993
936.6328
487.0032
910.0677
750.0314
248.5812
540.9128
890.6036
777.8525
639.5593
486.4556
177.3687
698.3241
975.8172
340.8465
688.5957
534.8148
479.3943
12.7292
749.6801
785.5268
96.0650
750.1276
305.1212
111.1637
641.0419
688.0776
140.2548
173.2178
527.8577
499.7409
439.6213
455.9285
497.3250
557.0485
213.6849
769.4739
227.2702
741.6252
569.9345
660.8462
24.7450
378.1469
344.6092
476.3628
589.9985
237.7944
705.4736
766.2667
130.9077
864.9317
684.0759
261.6457
119.9125
544.5961
316.4625
794.8278
174.7977
178.8916
105.5761
602.5221
787.1711
729.0072
971.3042
910.3472
742.3304
891.5412
439.2912
488.2778
450.1161
639.1731
643.9212
289.4039
674.0872
463.7229
635.5764
168.7187
108.7721
166.9703
478.2172
516.9492
894.8029
932.4721
963.2927
932.5485
814.6146
272.1235
940.4836
84.4361
31.4166
597.9625
380.7832
273.5409
916.5644
92.9807
396.0901
979.0535
839.7035
835.9854
59.9310
968.2002
572.4178
143.1895
70.8525
631.3954
945.7701
521.9333
2.1588
42.3697
70.1378
30.8100
785.3292
454.0984
438.5678
488.9519
88.2859
804.8039
171.9297
158.2365
530.0117
140.6936
843.8293
28.3502
997.8213
178.0513
982.7168
738.4086
472.1086
109.5130
866.1808
913.5025
846.8248
604.1349
823.3174
225.9787
993.2220
317.0075
762.7025
65.7131
567.2266
60.5819
399.6050
346.5825
198.3277
890.1061
965.1243
271.9950
472.6487
30.1163
434.7139
526.7780
260.5501
401.9383
733.8688
482.1279
190.6940
138.2597
694.6638
467.4996
676.4655
448.9296
320.4442
586.8266
30.2224
593.3905
860.9445
13.6800
459.8730
916.9315
691.0990
557.4018
395.4645
239.9035
671.4718
535.7022
482.6483
119.1672
339.3567
339.0582
880.1938
953.9402
211.3274
197.0552
610.2514
997.9261
37.1928
944.4357
419.4460
804.5226
25.4483
510.9601
668.8048
497.5184
214.6198
255.9613
532.3494
422.7668
645.0607
988.1661
85.7747
362.3051
533.7728
946.8412
43.2419
255.9146
862.3454
258.7360
495.8479
840.2541
500.7187
878.8337
692.0466
642.2124
97.7876
71.1346
481.9859
35.8632
999.5597
553.1986
310.5212
470.5985
904.0759
887.4856
140.2016
610.8492
297.4149
666.5320
868.8180
656.7310
229.6841
575.7015
228.3587
142.7499
285.9195
203.8434
802.7529
546.4478
615.6811
8.9517
422.8345
518.8505
982.4410
783.3450
907.4474
293.7403
777.0965
808.5884
828.1822
430.9716
375.4125
672.4909
540.2888
120.3077
788.6655
342.0463
46.4683
608.5569
585.9115
756.5214
424.9407
279.5109
144.2160
604.5690
308.7065
376.3977
175.0940
259.6485
340.7335
941.3874
841.0070
464.5235
810.7444
501.1335
197.9037
361.9793
465.2586
131.8029
501.7883
798.8691
456.8910
426.6875
139.4784
835.6704
515.7852
512.6814
27.6332
780.7373
743.7730
855.7502
887.5205
205.3653
147.2695
386.7695
508.6678
734.9306
961.8632
278.0180
435.7752
144.2572
869.1503
501.5101
287.0334
949.9627
770.9807
279.3677
99.5336
138.3934
68.4971
999.9146
9.2382
939.4871
414.5415
794.8122
567.5479
