364.8365
491.2403
870.2466
151.8733
419.7703
29.3077
732.2247
870.1772
502.9281
686.9243
49.1844
551.5903
989.4474
786.1936
670.1988
423.1777
968.2020
757.8629
242.6241
417.0779
561.2277
36.3397
273.1659
422.9048
363.8307
774.4549
767.6896
604.5297
706.1650
359.6107
12.9269
656.0243
938.6696
625.6729
724.2967
71.3289
808.2046
591.4666
553.5764
149.1896
494.8427
667.5823
657.6984
568.1786
73.3944
737.7977
449.6572
807.3151
927.1947
63.5608
538.3066
150.1109
56.9708
333.6716
776.7947
884.7233
400.7843
191.1287
265.2179
99.9145
792.7715
142.6839
536.9272
178.1393
169.2313
828.0158
410.2094
634.7613
972.7283
23.8068
155.9105
73.4840
465.9171
214.8319
752.8689
775.0947
258.4979
879.1703
24.2704
991.2592
90.9092
136.9682
774.8395
825.9949
746.1382
604.9600
958.0618
196.2948
713.1346
362.5809
168.7827
234.1716
838.3581
273.8571
813.7559
239.1871
76.5660
967.8733
641.9473
296.6708
128.5547
476.2230
279.0071
338.0200
494.0094
958.9296
621.4421
4.7818
258.6556
460.1852
287.5346
782.2575
211.0590
413.9716
95.8865
300.8432
438.4266
249.0954
481.2071
629.2620
25.3088
553.7926
512.3360
852.8861
768.5435
80.3819
826.1376
36.4822
589.2757
648.9162
90.3363
330.4328
796.1678
122.2547
880.7914
35.2580
668.3355
362.0994
724.9170
479.7168
62.6098
916.0852
539.4709
362.2684
767.3547
809.6281
613.8054
388.5621
787.8110
98.0439
924.4144
496.3661
570.5672
93.7983
529.9126
145.7786
255.5578
284.8156
493.4863
134.6120
157.6249
494.6238
393.3363
525.7935
202.1534
559.0358
992.0282
758.3934
767.5022
977.6062
395.9488
476.6508
177.1205
394.3479
76.7580
13.0922
316.2892
201.6456
752.3691
333.3578
723.8534
646.3866
464.7898
428.2462
639.2513
768.7407
48.6754
666.2306
439.2656
337.1369
68.5297
395.6604
936.5761
883.7198
857.2792
502.6684
87.8447
571.7975
494.3684
984.1394
848.5838
186.4944
290.8917
9.4686
664.6337
307.9691
838.1823
292.1541
730.5975
891.3948
502.0903
32.9938
50.2183
641.2822
803.9700
206.5034
77.8938
461.8915
593.8610
345.8316
775.3530
968.8015
362.2600
293.6695
879.9661
712.2358
592.9063
320.4498
542.7912
979.1356
32.6117
820.0746
253.6420
480.0377
601.1987
626.8660
275.4712
521.6351
249.6705
561.7874
509.6743
924.8039
178.6116
533.8130
838.7435
152.1665
940.8254
263.5889
242.0505
774.1023
492.1264
142.6671
898.5085
554.7805
157.0707
904.2915
18.1906
424.8448
931.9995
967.7397
731.3321
261.6278
196.8382
103.1580
624.9054
327.5277
689.3569
486.9456
911.8294
71.6057
440.0613
89.6510
635.2904
330.5848
494.0063
831.9664
998.5204
293.5142
481.1103
729.2004
388.3747
683.2083
63.8883
15.0548
440.5488
489.7699
354.6646
627.2029
719.1850
484.7092
171.3168
0.4709
49.1842
327.5283
356.4520
378.2200
726.4117
561.1642
950.8766
752.3305
19.3727
349.9213
454.6176
205.7054
107.9687
971.3375
988.8272
657.6772
378.7654
701.8428
650.5424
652.8847
578.8392
333.8957
254.0690
17.1605
464.7110
682.3735
356.2007
488.1342
148.8611
928.8065
595.4299
544.5722
300.2237
409.0582
594.6587
82.7381
666.1149
711.9205
439.0498
817.2911
399.7852
924.4832
167.5489
1.4793
706.4818
224.2879
839.4671
72.9663
837.2106
397.4167
285.5799
344.9789
194.6652
425.3518
247.6340
130.4891
122.2141
2.2036
284.9105
376.3633
322.3952
589.5976
512.6308
612.8390
559.7739
832.3073
99.9402
463.2513
295.8539
806.2767
749.6224
201.4164
216.5104
629.1322
136.8149
122.7346
505.2091
80.8212
439.1514
969.2182
180.2452
111.9810
862.2639
871.8380
397.1838
265.7171
731.9370
319.0518
359.8730
30.2248
512.0097
136.2194
234.3032
881.6169
540.8785
487.9847
499.3996
812.0761
378.3319
85.4500
853.3620
836.7108
803.1477
571.2894
730.3055
736.1724
982.6170
48.7372
