46.4606
263.9703
227.2099
386.9184
970.5851
183.7800
118.1357
866.9910
921.3612
360.7793
178.0949
561.2200
114.9239
27.4031
778.3715
709.7818
963.2970
600.3192
318.2984
0.3598
561.3204
441.9658
877.0270
812.3523
841.4425
495.1227
83.5298
628.2567
491.4737
265.8864
924.3814
133.5927
690.0058
485.1538
942.1911
644.9981
226.8357
96.5950
310.6046
798.2632
102.2376
360.0995
915.5934
4.9156
825.3128
526.6156
491.2085
174.0741
473.0053
678.7807
694.7383
631.5904
955.1472
841.3624
280.9245
143.7331
901.0095
860.5571
871.8385
1.0781
513.2747
861.7933
985.2467
749.8310
960.7912
353.2916
96.1051
825.7124
382.7793
231.4257
286.4853
281.7944
769.2006
897.3438
433.4936
826.0821
912.4659
768.7027
382.6821
524.1809
77.5725
602.0039
817.5335
95.7004
263.2119
261.8022
894.3956
894.2124
663.8540
310.5606
701.2241
13.3359
834.9246
151.7040
122.2833
468.7689
983.7092
45.4035
257.1910
165.0826
59.1243
777.7870
491.8271
504.2396
349.1751
530.5176
500.1694
39.0708
440.7609
72.6996
626.2639
9.2847
635.0350
669.4933
664.0560
925.0196
64.1373
433.1237
751.5745
987.3534
153.0692
4.0103
655.9685
261.5824
375.9485
616.1529
392.5266
407.7689
43.3497
996.6305
164.9680
742.9880
513.1576
750.4325
223.6005
130.8810
678.0779
458.5595
781.0773
15.1396
910.7480
599.3901
322.5655
887.5052
961.2096
760.2065
954.9475
775.0844
961.1034
302.6107
29.4592
974.3753
639.3582
350.0634
402.7633
916.3989
963.6066
537.5561
636.6983
868.7176
179.4716
950.5595
965.5676
388.2522
169.2573
109.5581
251.8718
295.5798
274.7672
528.4643
969.0042
809.3796
155.3710
421.5055
882.9241
530.2669
502.2038
29.6421
571.2123
351.2902
608.2081
32.9095
97.2450
966.7482
104.2576
917.3178
576.2044
942.0268
452.4985
991.4378
388.8138
474.1367
310.0713
230.4932
791.7042
468.9975
66.9451
206.4965
918.5821
904.4422
477.4591
615.3768
452.3432
980.5786
132.9574
452.7009
625.3648
565.3431
24.9121
185.0698
4.4419
794.6033
996.8196
608.3296
660.5063
597.4579
938.2800
428.4422
314.2988
856.7078
640.0998
148.1823
447.4000
76.2268
86.5643
704.1892
869.2350
879.9788
465.3240
694.3852
484.0247
478.4714
370.2810
734.9014
468.7409
609.4670
863.3151
227.9685
993.7223
774.7667
496.4430
34.2957
590.8648
769.9971
16.6636
973.6465
279.7021
900.8644
411.4731
565.2383
395.8575
302.3707
602.2232
907.4611
392.6650
115.8385
805.3691
401.6055
242.4963
253.5092
557.0142
915.8119
945.1143
213.3978
695.2944
872.2343
304.2079
730.1871
697.4744
378.2042
839.6405
169.8976
374.4408
827.8749
927.3906
986.7398
384.9498
506.5376
775.4851
800.6208
52.5635
462.0230
760.5405
388.9886
320.5256
729.2424
472.9334
498.1903
938.0029
673.4239
413.0529
178.5272
506.3931
999.4740
817.2108
322.2808
295.2672
202.7992
286.0647
543.5821
985.2515
403.7177
582.9364
839.1608
607.7690
32.8244
117.6334
783.1388
473.0413
500.5886
253.0195
510.7732
630.2721
968.7572
306.9431
146.6767
329.8492
605.6317
339.4389
274.7657
999.9259
638.9116
521.1784
292.5782
828.0786
615.8565
293.2241
846.8025
649.1109
933.6228
906.0568
852.8600
309.6437
15.5317
693.9951
694.8042
241.0637
277.2233
824.3534
47.5535
973.3673
930.0926
967.6255
407.1394
32.8477
709.6467
689.9670
64.1424
414.2878
381.3606
947.0844
880.4104
349.4458
904.7711
529.8707
948.5069
214.2893
568.6447
139.3891
300.7238
588.7367
906.3374
342.2753
258.6818
330.5556
398.3632
240.5592
917.2244
141.6278
390.3779
15.3603
183.6643
760.5157
907.7496
454.3496
174.1406
710.8272
821.8795
947.3291
735.6380
233.5123
414.9709
145.0181
614.4636
345.3451
699.8715
739.1321
887.7416
804.1625
545.6780
608.7571
842.1233
71.2628
206.9826
10.5524
167.1838
99.6449
877.1479
942.4496
848.3344
